0.000000 0.037885 0.239648 0.124229 0.098678 0.075771 0.022907 0.257269 0.129515 0.014097
0.000000 0.917636 0.016473 0.006783 0.000969 0.013566 0.010659 0.022287 0.003876 0.007752
0.000000 0.008911 0.935644 0.000990 0.008911 0.000990 0.010891 0.021782 0.010891 0.000990
0.003055 0.005092 0.001018 0.950102 0.001018 0.012220 0.004073 0.004073 0.017312 0.002037
0.000000 0.001121 0.022422 0.005605 0.900224 0.007848 0.012332 0.031390 0.008969 0.010090
0.001044 0.002088 0.001044 0.004175 0.012526 0.970772 0.001044 0.001044 0.000000 0.006263
0.000973 0.019455 0.004864 0.004864 0.001946 0.001946 0.947471 0.004864 0.013619 0.000000
0.000000 0.005133 0.010267 0.011294 0.018480 0.006160 0.008214 0.928131 0.009240 0.003080
0.001982 0.001982 0.016848 0.025768 0.003964 0.000991 0.019822 0.008920 0.913776 0.005946
0.011224 0.001020 0.002041 0.000000 0.003061 0.006122 0.005102 0.004082 0.001020 0.966327
